G avg med best
0 -125.586121 -125.586121 -125.586121
1 -124.950715 -125.586121 -83.225733
2 -124.103507 -125.586121 -83.225733
3 -123.636883 -125.586121 -83.225733
4 -3659.021269 -125.586121 -83.225733
5 -49294.274507 -125.586121 -83.225733
6 -3656.043584 -125.586121 -83.225733
7 -53339.758309 -125.586121 -83.225733
8 -4166.518754 -125.586121 -83.225733
9 -116.793805 -125.586121 -83.225733
10 -98452.277753 -121.439610 -83.225733
11 -49270.141150 -100.436057 -83.225733
12 -90.530755 -83.225733 -71.591022
13 -90.841891 -83.225733 -53.786027
14 -233.209919 -83.225733 -53.786027
15 -91.612166 -83.225733 -53.786027
16 -91.742051 -83.225733 -53.786027
17 -88.644900 -83.225733 -41.921793
18 -89.670132 -83.225733 -41.921793
19 -3624.300493 -83.225733 -41.921793
20 -84.666741 -83.225733 -41.921793
21 -152.960670 -83.225733 -41.921793
22 -599.043584 -83.225733 -41.921793
23 -6795.189733 -81.276230 -29.552638
24 -7692.858099 -58.433068 -29.552638
25 -393.472624 -53.786027 -29.552638
26 -3602.498894 -51.167502 -29.552638
27 -63.153892 -48.667502 -29.552638
28 -18499.071671 -48.667502 -29.552638
29 -17743.245760 -48.667502 -29.552638
30 -15187.177323 -48.667502 -29.552638
31 -3789.317155 -47.815523 -29.394009
32 -525602.712696 -43.861639 -29.394009
33 -7133.018482 -43.817889 -29.394009
34 -98632.386453 -41.921793 -17.873937
35 -3659.120854 -35.962289 -17.873937
36 -39511.335301 -34.434020 -17.873937
37 -3591.487602 -31.533717 -17.873937
38 -703.784742 -29.552638 -17.873937
39 -155.923623 -29.552638 -17.873937
40 -701.193238 -29.552638 -17.873937
41 -61.150465 -29.552638 -17.873937
42 -47.327882 -29.552638 -17.873937
43 -61221.363094 -29.250191 -17.873937
44 -262.469656 -28.008397 -14.607190
45 -164.102298 -24.100884 -14.607190
46 -61.170297 -24.100884 -12.422726
47 -52767.975111 -24.100884 -12.422726
48 -3579.864899 -22.568307 -12.422726
49 -64172.615405 -18.287329 -9.775821
50 -7112.463526 -18.080344 -9.775821
51 -124753.079859 -18.080344 -9.766812
52 -3579.156420 -17.873937 -9.766812
53 -39.063292 -17.873937 -9.766812
54 -3584.378701 -14.866803 -9.766812
55 -43.232449 -12.422726 -9.766812
56 -7637.045953 -12.422726 -9.766812
57 -7628.529246 -12.422726 -9.766812
58 -4091.292268 -12.422726 -9.766812
59 -48.354135 -12.422726 -9.766812
60 -7110.063004 -11.613062 -9.766812
61 -3626.620122 -10.909581 -9.766812
62 -14187.938368 -9.775821 -9.766812
63 -3582.632867 -9.775821 -9.766812
64 -38.856820 -9.775821 -9.766812
65 -4088.594508 -9.766812 -9.766812
66 -64169.764847 -9.766812 -9.766812
67 -3585.687641 -9.766812 -9.766812
68 -50.908657 -9.766812 -9.766812
69 -3593.972644 -9.766812 -9.766812
70 -7109.438715 -9.766812 -9.766812
71 -3571.972647 -9.766812 -9.766812
72 -3585.099811 -9.766812 -9.766812
73 -49213.876394 -9.766812 -9.766812
74 -41.410404 -9.766812 -9.766812
75 -52751.277676 -9.766812 -9.766812
76 -121225.355131 -9.766812 -9.766812
77 -3581.475249 -9.766812 -9.766812
78 -52763.550496 -9.766812 -9.766812
79 -4099.285818 -9.766812 -9.766812
80 -7115.840924 -9.766812 -9.766812
81 -3576.239553 -9.766812 -9.766812
82 -7633.886037 -9.766812 -9.766812
83 -4093.192352 -9.766812 -9.766812
84 -72262.726922 -9.766812 -9.766812
85 -3586.835003 -9.766812 -9.766812
86 -54.324261 -9.766812 -9.766812
87 -18241.309802 -9.766812 -9.766812
88 -56358.495117 -9.766812 -9.766812
89 -4096.380142 -9.766812 -9.766812
90 -56875.341893 -9.766812 -9.766812
91 -7627.457025 -9.766812 -9.766812
92 -3576.547317 -9.766812 -9.766812
93 -8708.726729 -9.766812 -9.766812
94 -45.153842 -9.766812 -9.766812
95 -3580.181882 -9.766812 -9.766812
96 -34.124918 -9.766812 -9.766812
97 -3590.943012 -9.766812 -9.766812
98 -49.960559 -9.766812 -9.766812
99 -5284.010015 -9.766812 -9.766812
100 -3587.883319 -9.766812 -9.766812
