G avg med best
0 -115.655340 -115.655340 -115.655340
1 -115.655340 -115.655340 -115.655340
2 NaN -115.655340 -115.655340
3 NaN -115.655340 -45.095191
4 NaN -115.655340 -16.309452
5 NaN -115.655340 59.672490
6 NaN -115.655340 59.672490
7 NaN -115.655340 59.672490
8 NaN -115.655340 59.672490
9 NaN -115.655340 59.672490
10 NaN -115.655340 59.672490
11 NaN -88.729664 59.672490
12 NaN -36.598346 59.672490
13 NaN -26.054194 59.672490
14 NaN -18.602644 70.381859
15 NaN -1.885480 74.338581
16 NaN 7.054042 74.338581
17 NaN 18.589839 74.338581
18 NaN 22.923622 82.101366
19 NaN 33.741325 82.101366
20 NaN 43.398941 92.882838
21 NaN 49.906540 92.882838
22 NaN 56.897947 92.882838
23 NaN 59.672490 102.819145
24 NaN 59.672490 102.819145
25 NaN 64.124303 107.485321
26 NaN 70.381859 111.951959
27 NaN 74.338581 120.269074
28 NaN 76.366934 127.668852
29 NaN 82.101366 127.668852
30 NaN 82.101366 127.668852
31 NaN 84.675900 127.668852
32 NaN 92.882838 133.663830
33 NaN 92.882838 134.502740
34 NaN 95.415911 134.502740
35 NaN 102.819145 134.502740
36 NaN 107.485321 134.502740
37 NaN 111.951959 134.502740
38 NaN 111.951959 134.502740
39 NaN 116.215888 134.502740
40 NaN 120.269074 134.502740
41 NaN 124.096182 134.502740
42 NaN 127.668852 134.502740
43 NaN 133.663830 134.502740
44 NaN 133.663830 134.502740
45 NaN 134.000402 134.502740
46 NaN 134.000402 134.502740
47 NaN 134.000402 134.502740
48 NaN 134.502740 134.502740
49 NaN 134.502740 134.502740
50 NaN 134.502740 134.502740
51 NaN 134.502740 134.502740
52 NaN 134.502740 134.502740
53 NaN 134.502740 134.502740
54 NaN 134.502740 134.502740
55 NaN 134.502740 134.502740
56 NaN 134.502740 134.502740
57 NaN 134.502740 134.502740
58 NaN 134.502740 134.502740
59 NaN 134.502740 134.502740
60 NaN 134.502740 134.502740
61 NaN 134.502740 134.502740
62 NaN 134.502740 134.502740
63 NaN 134.502740 134.502740
64 NaN 134.502740 134.502740
65 NaN 134.502740 134.502740
66 NaN 134.502740 134.502740
67 NaN 134.502740 134.502740
68 NaN 134.502740 134.502740
69 NaN 134.502740 134.502740
70 NaN 134.502740 134.502740
